0 -18.000000 8.000000 -18.000000 8.000000 10.000000 1
0 -23.000000 11.000000 -23.000000 11.000000 1.000000 2
0 -13.000000 11.000000 -13.000000 11.000000 1.000000 3
1 -18.000000 8.000000 -18.000000 8.000000 10.000000 4
2 0.000000 8.000000 -18.000000 8.000000 10.000000 5
2 2.000000 8.000000 -18.000000 8.000000 10.000000 6
2 4.000000 8.000000 -18.000000 8.000000 10.000000 7
2 6.000000 8.000000 -18.000000 8.000000 10.000000 8
2 8.000000 8.000000 -18.000000 8.000000 10.000000 9
2 10.000000 8.000000 -18.000000 8.000000 10.000000 10
2 12.000000 8.000000 -18.000000 8.000000 10.000000 11
2 14.000000 8.000000 -18.000000 8.000000 10.000000 12
2 16.000000 8.000000 -18.000000 8.000000 10.000000 13
2 18.000000 8.000000 -18.000000 8.000000 10.000000 14
2 20.000000 8.000000 -18.000000 8.000000 10.000000 15
2 22.000000 8.000000 -18.000000 8.000000 10.000000 16
2 24.000000 8.000000 -18.000000 8.000000 10.000000 17
2 26.000000 8.000000 -18.000000 8.000000 10.000000 18
2 28.000000 8.000000 -18.000000 8.000000 10.000000 19
2 30.000000 8.000000 -18.000000 8.000000 10.000000 20
2 32.000000 8.000000 -18.000000 8.000000 10.000000 21
2 34.000000 8.000000 -18.000000 8.000000 10.000000 22
2 36.000000 8.000000 -18.000000 8.000000 10.000000 23
2 38.000000 8.000000 -18.000000 8.000000 10.000000 24
2 40.000000 8.000000 -18.000000 8.000000 10.000000 25
2 42.000000 8.000000 -18.000000 8.000000 10.000000 26
2 44.000000 8.000000 -18.000000 8.000000 10.000000 27
2 46.000000 8.000000 -18.000000 8.000000 10.000000 28
2 48.000000 8.000000 -18.000000 8.000000 10.000000 29
2 50.000000 8.000000 -18.000000 8.000000 10.000000 30
2 52.000000 8.000000 -18.000000 8.000000 10.000000 31
2 54.000000 8.000000 -18.000000 8.000000 10.000000 32
2 56.000000 8.000000 -18.000000 8.000000 10.000000 33
2 58.000000 8.000000 -18.000000 8.000000 10.000000 34
2 60.000000 8.000000 -18.000000 8.000000 10.000000 35
2 62.000000 8.000000 -18.000000 8.000000 10.000000 36
2 64.000000 8.000000 -18.000000 8.000000 10.000000 37
2 66.000000 8.000000 -18.000000 8.000000 10.000000 38
3 68.000000 8.000000 -18.000000 8.000000 10.000000 39
3 0.000000 8.000000 -18.000000 8.000000 10.000000 40
3 2.000000 8.000000 -18.000000 8.000000 10.000000 41
3 4.000000 8.000000 -18.000000 8.000000 10.000000 42
3 6.000000 8.000000 -18.000000 8.000000 10.000000 43
3 8.000000 8.000000 -18.000000 8.000000 10.000000 44
3 10.000000 8.000000 -18.000000 8.000000 10.000000 45
3 12.000000 8.000000 -18.000000 8.000000 10.000000 46
3 14.000000 8.000000 -18.000000 8.000000 10.000000 47
3 16.000000 8.000000 -18.000000 8.000000 10.000000 48
3 18.000000 8.000000 -18.000000 8.000000 10.000000 49
3 20.000000 8.000000 -18.000000 8.000000 10.000000 50
3 22.000000 8.000000 -18.000000 8.000000 10.000000 51
3 24.000000 8.000000 -18.000000 8.000000 10.000000 52
3 26.000000 8.000000 -18.000000 8.000000 10.000000 53
3 28.000000 8.000000 -18.000000 8.000000 10.000000 54
3 30.000000 8.000000 -18.000000 8.000000 10.000000 55
3 32.000000 8.000000 -18.000000 8.000000 10.000000 56
3 34.000000 8.000000 -18.000000 8.000000 10.000000 57
3 36.000000 8.000000 -18.000000 8.000000 10.000000 58
3 38.000000 8.000000 -18.000000 8.000000 10.000000 59
3 40.000000 8.000000 -18.000000 8.000000 10.000000 60
3 42.000000 8.000000 -18.000000 8.000000 10.000000 61
3 44.000000 8.000000 -18.000000 8.000000 10.000000 62
3 46.000000 8.000000 -18.000000 8.000000 10.000000 63
3 48.000000 8.000000 -18.000000 8.000000 10.000000 64
3 50.000000 8.000000 -18.000000 8.000000 10.000000 65
3 52.000000 8.000000 -18.000000 8.000000 10.000000 66
3 54.000000 8.000000 -18.000000 8.000000 10.000000 67
3 56.000000 8.000000 -18.000000 8.000000 10.000000 68
3 58.000000 8.000000 -18.000000 8.000000 10.000000 69
3 60.000000 8.000000 -18.000000 8.000000 10.000000 70
3 62.000000 8.000000 -18.000000 8.000000 10.000000 71
3 64.000000 8.000000 -18.000000 8.000000 10.000000 72
3 66.000000 8.000000 -18.000000 8.000000 10.000000 73
4 68.000000 8.000000 -18.000000 8.000000 10.000000 74
4 0.000000 8.000000 -18.000000 8.000000 10.000000 75
4 2.000000 8.000000 -18.000000 8.000000 10.000000 76
4 4.000000 8.000000 -18.000000 8.000000 10.000000 77
4 6.000000 8.000000 -18.000000 8.000000 10.000000 78
4 8.000000 8.000000 -18.000000 8.000000 10.000000 79
4 10.000000 8.000000 -18.000000 8.000000 10.000000 80
4 12.000000 8.000000 -18.000000 8.000000 10.000000 81
4 14.000000 8.000000 -18.000000 8.000000 10.000000 82
4 16.000000 8.000000 -18.000000 8.000000 10.000000 83
4 18.000000 8.000000 -18.000000 8.000000 10.000000 84
4 20.000000 8.000000 -18.000000 8.000000 10.000000 85
4 22.000000 8.000000 -18.000000 8.000000 10.000000 86
4 24.000000 8.000000 -18.000000 8.000000 10.000000 87
4 26.000000 8.000000 -18.000000 8.000000 10.000000 88
4 28.000000 8.000000 -18.000000 8.000000 10.000000 89
4 30.000000 8.000000 -18.000000 8.000000 10.000000 90
4 32.000000 8.000000 -18.000000 8.000000 10.000000 91
4 34.000000 8.000000 -18.000000 8.000000 10.000000 92
4 36.000000 8.000000 -18.000000 8.000000 10.000000 93
4 38.000000 8.000000 -18.000000 8.000000 10.000000 94
4 40.000000 8.000000 -18.000000 8.000000 10.000000 95
4 42.000000 8.000000 -18.000000 8.000000 10.000000 96
4 44.000000 8.000000 -18.000000 8.000000 10.000000 97
4 46.000000 8.000000 -18.000000 8.000000 10.000000 98
4 48.000000 8.000000 -18.000000 8.000000 10.000000 99
4 50.000000 8.000000 -18.000000 8.000000 10.000000 100
4 52.000000 8.000000 -18.000000 8.000000 10.000000 101
4 54.000000 8.000000 -18.000000 8.000000 10.000000 102
4 56.000000 8.000000 -18.000000 8.000000 10.000000 103
4 58.000000 8.000000 -18.000000 8.000000 10.000000 104
4 60.000000 8.000000 -18.000000 8.000000 10.000000 105
4 62.000000 8.000000 -18.000000 8.000000 10.000000 106
4 64.000000 8.000000 -18.000000 8.000000 10.000000 107
4 66.000000 8.000000 -18.000000 8.000000 10.000000 108
5 68.000000 8.000000 -18.000000 8.000000 10.000000 109
5 0.000000 8.000000 -18.000000 8.000000 10.000000 110
5 2.000000 8.000000 -18.000000 8.000000 10.000000 111
5 4.000000 8.000000 -18.000000 8.000000 10.000000 112
5 6.000000 8.000000 -18.000000 8.000000 10.000000 113
5 8.000000 8.000000 -18.000000 8.000000 10.000000 114
5 10.000000 8.000000 -18.000000 8.000000 10.000000 115
5 12.000000 8.000000 -18.000000 8.000000 10.000000 116
5 14.000000 8.000000 -18.000000 8.000000 10.000000 117
5 16.000000 8.000000 -18.000000 8.000000 10.000000 118
5 18.000000 8.000000 -18.000000 8.000000 10.000000 119
5 20.000000 8.000000 -18.000000 8.000000 10.000000 120
5 22.000000 8.000000 -18.000000 8.000000 10.000000 121
5 24.000000 8.000000 -18.000000 8.000000 10.000000 122
5 26.000000 8.000000 -18.000000 8.000000 10.000000 123
5 28.000000 8.000000 -18.000000 8.000000 10.000000 124
5 30.000000 8.000000 -18.000000 8.000000 10.000000 125
5 32.000000 8.000000 -18.000000 8.000000 10.000000 126
5 34.000000 8.000000 -18.000000 8.000000 10.000000 127
5 36.000000 8.000000 -18.000000 8.000000 10.000000 128
5 38.000000 8.000000 -18.000000 8.000000 10.000000 129
5 40.000000 8.000000 -18.000000 8.000000 10.000000 130
5 42.000000 8.000000 -18.000000 8.000000 10.000000 131
5 44.000000 8.000000 -18.000000 8.000000 10.000000 132
5 46.000000 8.000000 -18.000000 8.000000 10.000000 133
5 48.000000 8.000000 -18.000000 8.000000 10.000000 134
5 50.000000 8.000000 -18.000000 8.000000 10.000000 135
5 52.000000 8.000000 -18.000000 8.000000 10.000000 136
5 54.000000 8.000000 -18.000000 8.000000 10.000000 137
5 56.000000 8.000000 -18.000000 8.000000 10.000000 138
5 58.000000 8.000000 -18.000000 8.000000 10.000000 139
5 60.000000 8.000000 -18.000000 8.000000 10.000000 140
5 62.000000 8.000000 -18.000000 8.000000 10.000000 141
5 64.000000 8.000000 -18.000000 8.000000 10.000000 142
5 66.000000 8.000000 -18.000000 8.000000 10.000000 143
6 68.000000 8.000000 -18.000000 8.000000 10.000000 144
6 0.000000 8.000000 -18.000000 8.000000 10.000000 145
6 2.000000 8.000000 -18.000000 8.000000 10.000000 146
6 4.000000 8.000000 -18.000000 8.000000 10.000000 147
6 6.000000 8.000000 -18.000000 8.000000 10.000000 148
6 8.000000 8.000000 -18.000000 8.000000 10.000000 149
6 10.000000 8.000000 -18.000000 8.000000 10.000000 150
6 12.000000 8.000000 -18.000000 8.000000 10.000000 151
6 14.000000 8.000000 -18.000000 8.000000 10.000000 152
6 16.000000 8.000000 -18.000000 8.000000 10.000000 153
6 18.000000 8.000000 -18.000000 8.000000 10.000000 154
6 20.000000 8.000000 -18.000000 8.000000 10.000000 155
6 22.000000 8.000000 -18.000000 8.000000 10.000000 156
6 24.000000 8.000000 -18.000000 8.000000 10.000000 157
6 26.000000 8.000000 -18.000000 8.000000 10.000000 158
6 28.000000 8.000000 -18.000000 8.000000 10.000000 159
6 30.000000 8.000000 -18.000000 8.000000 10.000000 160
6 32.000000 8.000000 -18.000000 8.000000 10.000000 161
6 34.000000 8.000000 -18.000000 8.000000 10.000000 162
6 36.000000 8.000000 -18.000000 8.000000 10.000000 163
6 38.000000 8.000000 -18.000000 8.000000 10.000000 164
6 40.000000 8.000000 -18.000000 8.000000 10.000000 165
6 42.000000 8.000000 -18.000000 8.000000 10.000000 166
6 44.000000 8.000000 -18.000000 8.000000 10.000000 167
6 46.000000 8.000000 -18.000000 8.000000 10.000000 168
6 48.000000 8.000000 -18.000000 8.000000 10.000000 169
6 50.000000 8.000000 -18.000000 8.000000 10.000000 170
6 52.000000 8.000000 -18.000000 8.000000 10.000000 171
6 54.000000 8.000000 -18.000000 8.000000 10.000000 172
6 56.000000 8.000000 -18.000000 8.000000 10.000000 173
6 58.000000 8.000000 -18.000000 8.000000 10.000000 174
6 60.000000 8.000000 -18.000000 8.000000 10.000000 175
6 62.000000 8.000000 -18.000000 8.000000 10.000000 176
6 64.000000 8.000000 -18.000000 8.000000 10.000000 177
6 66.000000 8.000000 -18.000000 8.000000 10.000000 178
7 68.000000 8.000000 -18.000000 8.000000 10.000000 179
7 0.000000 8.000000 -18.000000 8.000000 10.000000 180
7 2.000000 8.000000 -18.000000 8.000000 10.000000 181
7 4.000000 8.000000 -18.000000 8.000000 10.000000 182
7 6.000000 8.000000 -18.000000 8.000000 10.000000 183
7 8.000000 8.000000 -18.000000 8.000000 10.000000 184
7 10.000000 8.000000 -18.000000 8.000000 10.000000 185
7 12.000000 8.000000 -18.000000 8.000000 10.000000 186
7 14.000000 8.000000 -18.000000 8.000000 10.000000 187
7 16.000000 8.000000 -18.000000 8.000000 10.000000 188
7 18.000000 8.000000 -18.000000 8.000000 10.000000 189
7 20.000000 8.000000 -18.000000 8.000000 10.000000 190
7 22.000000 8.000000 -18.000000 8.000000 10.000000 191
7 24.000000 8.000000 -18.000000 8.000000 10.000000 192
7 26.000000 8.000000 -18.000000 8.000000 10.000000 193
7 28.000000 8.000000 -18.000000 8.000000 10.000000 194
7 30.000000 8.000000 -18.000000 8.000000 10.000000 195
7 32.000000 8.000000 -18.000000 8.000000 10.000000 196
7 34.000000 8.000000 -18.000000 8.000000 10.000000 197
7 36.000000 8.000000 -18.000000 8.000000 10.000000 198
7 38.000000 8.000000 -18.000000 8.000000 10.000000 199
7 40.000000 8.000000 -18.000000 8.000000 10.000000 200
7 42.000000 8.000000 -18.000000 8.000000 10.000000 201
7 44.000000 8.000000 -18.000000 8.000000 10.000000 202
7 46.000000 8.000000 -18.000000 8.000000 10.000000 203
7 48.000000 8.000000 -18.000000 8.000000 10.000000 204
7 50.000000 8.000000 -18.000000 8.000000 10.000000 205
7 52.000000 8.000000 -18.000000 8.000000 10.000000 206
7 54.000000 8.000000 -18.000000 8.000000 10.000000 207
7 56.000000 8.000000 -18.000000 8.000000 10.000000 208
7 58.000000 8.000000 -18.000000 8.000000 10.000000 209
7 60.000000 8.000000 -18.000000 8.000000 10.000000 210
7 62.000000 8.000000 -18.000000 8.000000 10.000000 211
7 64.000000 8.000000 -18.000000 8.000000 10.000000 212
7 66.000000 8.000000 -18.000000 8.000000 10.000000 213
8 68.000000 8.000000 -18.000000 8.000000 10.000000 214
8 0.000000 8.000000 -18.000000 8.000000 10.000000 215
8 2.000000 8.000000 -18.000000 8.000000 10.000000 216
8 4.000000 8.000000 -18.000000 8.000000 10.000000 217
8 6.000000 8.000000 -18.000000 8.000000 10.000000 218
8 8.000000 8.000000 -18.000000 8.000000 10.000000 219
8 10.000000 8.000000 -18.000000 8.000000 10.000000 220
8 12.000000 8.000000 -18.000000 8.000000 10.000000 221
8 14.000000 8.000000 -18.000000 8.000000 10.000000 222
8 16.000000 8.000000 -18.000000 8.000000 10.000000 223
8 18.000000 8.000000 -18.000000 8.000000 10.000000 224
8 20.000000 8.000000 -18.000000 8.000000 10.000000 225
8 22.000000 8.000000 -18.000000 8.000000 10.000000 226
8 24.000000 8.000000 -18.000000 8.000000 10.000000 227
8 26.000000 8.000000 -18.000000 8.000000 10.000000 228
8 28.000000 8.000000 -18.000000 8.000000 10.000000 229
8 30.000000 8.000000 -18.000000 8.000000 10.000000 230
8 32.000000 8.000000 -18.000000 8.000000 10.000000 231
8 34.000000 8.000000 -18.000000 8.000000 10.000000 232
8 36.000000 8.000000 -18.000000 8.000000 10.000000 233
8 38.000000 8.000000 -18.000000 8.000000 10.000000 234
8 40.000000 8.000000 -18.000000 8.000000 10.000000 235
8 42.000000 8.000000 -18.000000 8.000000 10.000000 236
8 44.000000 8.000000 -18.000000 8.000000 10.000000 237
8 46.000000 8.000000 -18.000000 8.000000 10.000000 238
8 48.000000 8.000000 -18.000000 8.000000 10.000000 239
8 50.000000 8.000000 -18.000000 8.000000 10.000000 240
8 52.000000 8.000000 -18.000000 8.000000 10.000000 241
8 54.000000 8.000000 -18.000000 8.000000 10.000000 242
8 56.000000 8.000000 -18.000000 8.000000 10.000000 243
8 58.000000 8.000000 -18.000000 8.000000 10.000000 244
8 60.000000 8.000000 -18.000000 8.000000 10.000000 245
8 62.000000 8.000000 -18.000000 8.000000 10.000000 246
8 64.000000 8.000000 -18.000000 8.000000 10.000000 247
8 66.000000 8.000000 -18.000000 8.000000 10.000000 248
9 68.000000 8.000000 -18.000000 8.000000 10.000000 249
9 0.000000 8.000000 -18.000000 8.000000 10.000000 250
9 2.000000 8.000000 -18.000000 8.000000 10.000000 251
9 4.000000 8.000000 -18.000000 8.000000 10.000000 252
9 6.000000 8.000000 -18.000000 8.000000 10.000000 253
9 8.000000 8.000000 -18.000000 8.000000 10.000000 254
9 10.000000 8.000000 -18.000000 8.000000 10.000000 255
9 12.000000 8.000000 -18.000000 8.000000 10.000000 256
9 14.000000 8.000000 -18.000000 8.000000 10.000000 257
9 16.000000 8.000000 -18.000000 8.000000 10.000000 258
9 18.000000 8.000000 -18.000000 8.000000 10.000000 259
9 20.000000 8.000000 -18.000000 8.000000 10.000000 260
9 22.000000 8.000000 -18.000000 8.000000 10.000000 261
9 24.000000 8.000000 -18.000000 8.000000 10.000000 262
9 26.000000 8.000000 -18.000000 8.000000 10.000000 263
9 28.000000 8.000000 -18.000000 8.000000 10.000000 264
9 30.000000 8.000000 -18.000000 8.000000 10.000000 265
9 32.000000 8.000000 -18.000000 8.000000 10.000000 266
9 34.000000 8.000000 -18.000000 8.000000 10.000000 267
9 36.000000 8.000000 -18.000000 8.000000 10.000000 268
9 38.000000 8.000000 -18.000000 8.000000 10.000000 269
9 40.000000 8.000000 -18.000000 8.000000 10.000000 270
9 42.000000 8.000000 -18.000000 8.000000 10.000000 271
9 44.000000 8.000000 -18.000000 8.000000 10.000000 272
9 46.000000 8.000000 -18.000000 8.000000 10.000000 273
9 48.000000 8.000000 -18.000000 8.000000 10.000000 274
9 50.000000 8.000000 -18.000000 8.000000 10.000000 275
9 52.000000 8.000000 -18.000000 8.000000 10.000000 276
9 54.000000 8.000000 -18.000000 8.000000 10.000000 277
9 56.000000 8.000000 -18.000000 8.000000 10.000000 278
9 58.000000 8.000000 -18.000000 8.000000 10.000000 279
9 60.000000 8.000000 -18.000000 8.000000 10.000000 280
9 62.000000 8.000000 -18.000000 8.000000 10.000000 281
9 64.000000 8.000000 -18.000000 8.000000 10.000000 282
9 66.000000 8.000000 -18.000000 8.000000 10.000000 283
10 68.000000 8.000000 -18.000000 8.000000 10.000000 284
